0 82 tl_2019_us_cbsa CBSAFP
12580 10420        0.194539321
12580 10580        0.229790425
12580 40380        0.252251026
12580 45060        0.254831477
12580 47900        0.940060249
12580 29540         1.25490227
12580 37980          0.7284923
12580 38300        0.288153896
12580 10900         0.53317793
12580 25420        0.862130238
12580 35620        0.328102788
12580 35980        0.202342445
12580 14860        0.269236619
12580 35300          0.2390054
12580 20500        0.246195619
12580 24660        0.216890899
12580 47260        0.399992172
12580 40060        0.477535254
14010 47940        0.240315396
14010 37900         1.14329757
14010 31540        0.371152796
14010 40420        0.540248085
14010 19340        0.539113758
14010 19780          0.1986964
14010 16300        0.311398796
14010 16980         0.59600507
14010 28020        0.266545652
14010 11460        0.188339511
14010 36780        0.279039626
14010 26900        0.364454191
14010 18020        0.310806741
14010 17140        0.218237819
14010 34980        0.204295076
14010 41180        0.432717512
14010 30460        0.199016818
14010 20220        0.352360917
14260 39340        0.202857323
14260 36260        0.271376694
14260 41620        0.247739755
14460 10580        0.340999196
14460 31700          1.2502225
14460 45060        0.196041216
14460 37980        0.198899271
14460 49340         1.05004257
14460 10900        0.212290424
14460 35620        0.298653604
14460 39300         1.05567726
14460 35980        0.662097087
14460 14860        0.372916424
14460 35300        0.452060383
14500 39380        0.476920944
14500 10740        0.196330286
14500 19740         1.24168995
14500 22660         1.71466629
14500 17820        0.698079017
14860 10580        0.600793241
14860 31700        0.422703593
14860 40380        0.218572429
14860 45060        0.298465226
14860 47900        0.209333056
14860 12580        0.269236619
14860 29540        0.321534969
14860 37980        0.425161073
14860 14460        0.372916424
14860 49340        0.569777329
14860 10900         0.48104849
14860 25420        0.260645249
14860 35620         1.47004066
14860 39300        0.493691898
14860 35980        0.776636071
14860 35300         2.05191237
17140 26620        0.205331239
17140 10420        0.267244822
17140 17460        0.265741735
17140 16980        0.231661607
17140 28020        0.301616265
17140 33220        0.219917507
17140 19820          0.2608329
17140 11460        0.310813916
17140 14010        0.218237819
17140 18140        0.537874552
17140 26900        0.542815175
17140 18020        0.704050184
17140 38300        0.206656814
17140 34980        0.271451173
17140 30460        0.988840246
17460 10420         1.84440593
17460 28020         0.25479843
17460 33220        0.292893645
17460 19820          0.5235157
17460 11460          0.4394423
17460 18140         0.49875414
17460 26900        0.203870006
17460 18020        0.205665431
17460 17140        0.265741735
17460 40380        0.226130624
17460 47900        0.199064998
17460 38300        0.462267601
17460 25420        0.211307767
17460 30460        0.223909864
17820 39380         1.46062842
17820 10740        0.241618192
17820 19740          1.5704919
17820 14500        0.698079017
17820 22660        0.501772064
18020 26620        0.222158443
18020 37900        0.244904903
18020 40420        0.225547082
18020 10420        0.202198731
18020 17460        0.205665431
18020 19340         0.19737451
18020 16980        0.307275717
18020 28020        0.326638319
18020 33220        0.213200516
18020 19820        0.226065659
18020 11460        0.271918367
18020 14010        0.310806741
18020 18140        0.317028724
18020 26900          1.6046308
18020 17140        0.704050184
18020 34980        0.314874807
18020 41180        0.223348178
18020 30460         0.54319283
18140 10420        0.526628161
18140 17460         0.49875414
18140 28020        0.283455135
18140 33220        0.250472605
18140 19820        0.360656295
18140 11460        0.400781107
18140 26900        0.296157603
18140 18020        0.317028724
18140 17140        0.537874552
18140 38300        0.328683638
18140 16740        0.191730794
18140 24660        0.200745893
18140 30460        0.405768764
22380 46060        0.267283436
22380 40140        0.220010452
22380 39340        0.245840521
22380 41620        0.208551138
22660 39380         0.37491582
22660 19740        0.737058356
22660 14500         1.71466629
22660 17820        0.501772064
19100 48620        0.208461187
19100 26420        0.286071128
19100 41700        0.263848217
19340 47940        0.433590565
19340 37900        0.966682113
19340 31540        0.527278025
19340 40420        0.587113567
19340 19780        0.302960089
19340 16300        0.737077383
19340 16980        0.374419216
19340 28020        0.199714168
19340 36780        0.309247467
19340 33460        0.215012976
19340 14010        0.539113758
19340 26900        0.218915616
19340 18020         0.19737451
19340 28140         0.21379162
19340 41180        0.375355104
19340 20220         0.86952392
19740 39380        0.759425777
19740 10740        0.217825001
19740 14500         1.24168995
19740 22660        0.737058356
19740 17820          1.5704919
19780 47940        0.621546454
19780 37900        0.240459168
19780 31540         0.22559408
19780 40420        0.209208811
19780 19340        0.302960089
19780 16300        0.456193891
19780 36540        0.443371135
19780 33460        0.280812859
19780 14010          0.1986964
19780 28140        0.366921762
19780 48620         0.19022485
19780 41180        0.225258213
19780 20220        0.331712877
19820 10420        0.411599705
19820 17460          0.5235157
19820 16980        0.212362393
19820 28020        0.421490202
19820 33220        0.664606549
19820 11460         1.27519588
19820 18140        0.360656295
19820 26900         0.23692022
19820 18020        0.226065659
19820 17140          0.2608329
19820 38300        0.245630706
19820 30460        0.208955655
20220 47940        0.628905813
20220 37900        0.470694291
20220 31540        0.700375379
20220 40420        0.541842366
20220 19340         0.86952392
20220 19780        0.331712877
20220 16300         1.19258383
20220 36540        0.190453574
20220 16980        0.320504096
20220 36780        0.363499269
20220 33460        0.280980836
20220 14010        0.352360917
20220 28140        0.199364549
20220 41180        0.265157766
20500 42340        0.219148016
20500 47900        0.319973141
20500 12580        0.246195619
20500 29540        0.206741413
20500 38300        0.224465189
20500 25420        0.214301442
20500 16740        0.497923842
20500 24660         1.25723216
20500 47260        0.377300437
20500 40060        0.486399613
20500 16700        0.311477283
16300 47940         1.05227219
16300 37900        0.420106146
16300 31540         0.44127411
16300 40420        0.384560667
16300 19340        0.737077383
16300 19780        0.456193891
16300 36540        0.225189569
16300 16980        0.262394834
16300 36780        0.279177826
16300 33460         0.29143081
16300 14010        0.311398796
16300 28140        0.236603996
16300 41180        0.278361058
16300 20220         1.19258383
16700 42340        0.643226238
16700 16740        0.436547224
16700 20500        0.311477283
16700 24660        0.331421201
16700 47260        0.192362761
16700 40060        0.196492807
16700 36740        0.209310521
16700 37340        0.209797869
16700 27260        0.304379671
16740 42340        0.322734688
16740 18140        0.191730794
16740 47900        0.203584636
16740 20500        0.497923842
16740 24660        0.757583022
16740 47260        0.215474528
16740 40060         0.24805395
16740 30460        0.214321135
16740 16700        0.436547224
16740 27260        0.198907637
16980 47940         0.21295914
16980 37900        0.459912871
16980 31540        0.462118928
16980 40420        0.760974081
16980 19340        0.374419216
16980 16300        0.262394834
16980 28020        0.427971557
16980 33220        0.256801095
16980 19820        0.212362393
16980 11460        0.249142044
16980 36780        0.418854121
16980 14010         0.59600507
16980 26900        0.379285752
16980 18020        0.307275717
16980 17140        0.231661607
16980 41180        0.250797663
16980 30460        0.198099904
16980 20220        0.320504096
10420 17460         1.84440593
10420 28020        0.231316668
10420 33220        0.254217075
10420 19820        0.411599705
10420 11460        0.367205423
10420 18140        0.526628161
10420 26900        0.197834699
10420 18020        0.202198731
10420 17140        0.267244822
10420 40380        0.231553232
10420 47900        0.221143988
10420 12580        0.194539321
10420 29540        0.191556299
10420 38300         0.59660939
10420 25420        0.231099351
10420 30460        0.230260625
10580 31700        0.448531255
10580 40380        0.277915874
10580 45060        0.459884792
10580 12580        0.229790425
10580 29540        0.278885277
10580 37980        0.312443842
10580 14460        0.340999196
10580 49340        0.477898537
10580 10900        0.403775028
10580 25420        0.249677972
10580 35620        0.495994621
10580 39300        0.357552991
10580 35980        0.442120777
10580 14860        0.600793241
10580 35300        0.562661144
10740 39380        0.275805141
10740 19740        0.217825001
10740 14500        0.196330286
10740 17820        0.241618192
10900 10580        0.403775028
10900 31700        0.234925622
10900 40380        0.315358654
10900 45060        0.399394622
10900 47900        0.347120911
10900 12580         0.53317793
10900 29540        0.887364087
10900 37980         1.11328328
10900 14460        0.212290424
10900 49340        0.265930397
10900 38300        0.225174313
10900 25420        0.568413868
10900 35620        0.656149547
10900 39300        0.243644253
10900 35980        0.297070767
10900 14860         0.48104849
10900 35300        0.389752991
10900 47260        0.242839564
10900 40060         0.25339098
11460 40420        0.192163802
11460 10420        0.367205423
11460 17460          0.4394423
11460 16980        0.249142044
11460 28020        0.590865734
11460 33220        0.667560124
11460 19820         1.27519588
11460 36780        0.194649982
11460 14010        0.188339511
11460 18140        0.400781107
11460 26900        0.290087519
11460 18020        0.271918367
11460 17140        0.310813916
11460 38300        0.227313448
11460 30460        0.237816429
49340 10580        0.477898537
49340 31700         1.38119669
49340 45060        0.234560781
49340 29540        0.206640435
49340 37980        0.243480062
49340 14460         1.05004257
49340 10900        0.265930397
49340 35620        0.411231951
49340 39300         1.26684822
49340 35980         1.28708751
49340 14860        0.569777329
49340 35300        0.764825715
24660 42340        0.238717254
24660 18140        0.200745893
24660 47900        0.277317297
24660 12580        0.216890899
24660 38300        0.226580774
24660 25420        0.197122282
24660 16740        0.757583022
24660 20500         1.25723216
24660 47260         0.29167438
24660 40060        0.367014836
24660 30460        0.196852481
24660 16700        0.331421201
25420 10420        0.231099351
25420 17460        0.211307767
25420 10580        0.249677972
25420 40380        0.350432986
25420 45060        0.327725595
25420 47900        0.634603733
25420 12580        0.862130238
25420 29540         1.11163683
25420 37980        0.543298351
25420 38300        0.366013867
25420 10900        0.568413868
25420 35620        0.307491253
25420 35980        0.195192257
25420 14860        0.260645249
25420 35300        0.231273205
25420 20500        0.214301442
25420 24660        0.197122282
25420 47260        0.279454748
25420 40060        0.340759425
26420 41700        0.306365585
26420 19100        0.286071128
26620 26900        0.200308657
26620 18020        0.222158443
26620 17140        0.205331239
26620 32820        0.318043281
26620 34980        0.746743375
26620 30460        0.248178892
26900 26620        0.200308657
26900 37900        0.276373227
26900 31540        0.210478287
26900 40420        0.260638064
26900 10420        0.197834699
26900 17460        0.203870006
26900 19340        0.218915616
26900 16980        0.379285752
26900 28020        0.386458329
26900 33220        0.232427774
26900 19820         0.23692022
26900 11460        0.290087519
26900 36780        0.201532332
26900 14010        0.364454191
26900 18140        0.296157603
26900 18020          1.6046308
26900 17140        0.542815175
26900 34980        0.273631251
26900 41180        0.234423188
26900 30460        0.412070109
27260 42340        0.516832747
27260 16740        0.198907637
27260 36740        0.542757949
27260 37340        0.453834811
27260 16700        0.304379671
27260 45300        0.449688318
28020 37900        0.225294821
28020 31540        0.241199897
28020 40420         0.28474239
28020 10420        0.231316668
28020 17460         0.25479843
28020 19340        0.199714168
28020 16980        0.427971557
28020 33220        0.552954681
28020 19820        0.421490202
28020 11460        0.590865734
28020 36780        0.277151976
28020 14010        0.266545652
28020 18140        0.283455135
28020 26900        0.386458329
28020 18020        0.326638319
28020 17140        0.301616265
28020 30460        0.232687398
28140 47940        0.243633996
28140 37900        0.197287248
28140 19340         0.21379162
28140 19780        0.366921762
28140 16300        0.236603996
28140 36540        0.354584822
28140 48620        0.323900105
28140 41180         0.24394662
28140 20220        0.199364549
29540 10420        0.191556299
29540 10580        0.278885277
29540 40380          0.2978089
29540 45060        0.316141672
29540 47900        0.569713358
29540 12580         1.25490227
29540 37980           1.055523
29540 49340        0.206640435
29540 38300        0.277376946
29540 10900        0.887364087
29540 25420         1.11163683
29540 35620        0.403542913
29540 39300        0.195483621
29540 35980         0.22834721
29540 14860        0.321534969
29540 35300        0.278264299
29540 20500        0.206741413
29540 47260        0.308492458
29540 40060        0.345996217
30460 26620        0.248178892
30460 10420        0.230260625
30460 17460        0.223909864
30460 16980        0.198099904
30460 28020        0.232687398
30460 19820        0.208955655
30460 11460        0.237816429
30460 14010        0.199016818
30460 18140        0.405768764
30460 26900        0.412070109
30460 18020         0.54319283
30460 17140        0.988840246
30460 38300        0.193547325
30460 16740        0.214321135
30460 24660        0.196852481
30460 34980        0.337503326
31080 42100        0.207933735
31080 41940        0.235392852
31080 42200        0.526713133
31080 40140        0.476716478
31080 37100         1.02386567
31540 47940        0.341312239
31540 37900         0.42103981
31540 40420         1.07644573
31540 19340        0.527278025
31540 19780         0.22559408
31540 16300         0.44127411
31540 16980        0.462118928
31540 28020        0.241199897
31540 33220        0.191026486
31540 36780        0.730219244
31540 33460        0.237971625
31540 14010        0.371152796
31540 26900        0.210478287
31540 41180        0.226730099
31540 20220        0.700375379
31700 10580        0.448531255
31700 45060        0.228821506
31700 37980        0.212979857
31700 14460          1.2502225
31700 49340         1.38119669
31700 10900        0.234925622
31700 35620        0.328440778
31700 39300        0.762414138
31700 35980         0.66657729
31700 14860        0.422703593
31700 35300        0.509307106
32820 26620        0.318043281
32820 34980        0.293655804
32820 41180        0.267233991
33220 31540        0.191026486
33220 40420        0.206772124
33220 10420        0.254217075
33220 17460        0.292893645
33220 16980        0.256801095
33220 28020        0.552954681
33220 19820        0.664606549
33220 11460        0.667560124
33220 36780        0.233785825
33220 18140        0.250472605
33220 26900        0.232427774
33220 18020        0.213200516
33220 17140        0.219917507
33460 47940        0.371728641
33460 31540        0.237971625
33460 40420        0.197631598
33460 19340        0.215012976
33460 19780        0.280812859
33460 16300         0.29143081
33460 36540        0.213393197
33460 36780         0.21075758
33460 20220        0.280980836
34980 26620        0.746743375
34980 14010        0.204295076
34980 26900        0.273631251
34980 18020        0.314874807
34980 17140        0.271451173
34980 32820        0.293655804
34980 41180         0.22048989
34980 30460        0.337503326
35300 10580        0.562661144
35300 31700        0.509307106
35300 40380        0.201595783
35300 45060         0.27192023
35300 47900         0.19056004
35300 12580          0.2390054
35300 29540        0.278264299
35300 37980        0.355150336
35300 14460        0.452060383
35300 49340        0.764825715
35300 10900        0.389752991
35300 25420        0.231273205
35300 35620        0.879880898
35300 39300        0.649794791
35300 35980         1.24677912
35300 14860         2.05191237
35620 10580        0.495994621
35620 31700        0.328440778
35620 40380        0.229962285
35620 45060        0.305414754
35620 47900        0.243215869
35620 12580        0.328102788
35620 29540        0.403542913
35620 37980        0.595482145
35620 14460        0.298653604
35620 49340        0.411231951
35620 10900        0.656149547
35620 25420        0.307491253
35620 39300        0.379023926
35620 35980        0.525170631
35620 14860         1.47004066
35620 35300        0.879880898
35620 47260        0.211518399
35620 40060        0.204066474
35980 10580        0.442120777
35980 31700         0.66657729
35980 45060        0.230806096
35980 12580        0.202342445
35980 29540         0.22834721
35980 37980        0.280152791
35980 14460        0.662097087
35980 49340         1.28708751
35980 10900        0.297070767
35980 25420        0.195192257
35980 35620        0.525170631
35980 39300          1.3538188
35980 14860        0.776636071
35980 35300         1.24677912
36260 39340        0.611559423
36260 14260        0.271376694
36260 41620         1.01872795
36540 47940        0.267266495
36540 19780        0.443371135
36540 16300        0.225189569
36540 33460        0.213393197
36540 28140        0.354584822
36540 48620        0.259184906
36540 20220        0.190453574
36740 42340        0.272208055
36740 37340         1.48086087
36740 16700        0.209310521
36740 45300        0.874528651
36740 27260        0.542757949
36780 47940        0.242599297
36780 37900        0.283948835
36780 31540        0.730219244
36780 40420        0.561125004
36780 19340        0.309247467
36780 16300        0.279177826
36780 16980        0.418854121
36780 28020        0.277151976
36780 33220        0.233785825
36780 11460        0.194649982
36780 33460         0.21075758
36780 14010        0.279039626
36780 26900        0.201532332
36780 20220        0.363499269
37100 42100        0.254712958
37100 41940        0.293822484
37100 42200         1.08383456
37100 40140        0.333046998
37100 31080         1.02386567
37340 42340        0.259807053
37340 36740         1.48086087
37340 16700        0.209797869
37340 45300        0.564501411
37340 27260        0.453834811
37900 47940        0.300785843
37900 31540         0.42103981
37900 40420        0.571254387
37900 19340        0.966682113
37900 19780        0.240459168
37900 16300        0.420106146
37900 16980        0.459912871
37900 28020        0.225294821
37900 36780        0.283948835
37900 14010         1.14329757
37900 26900        0.276373227
37900 18020        0.244904903
37900 28140        0.197287248
37900 41180         0.48120851
37900 20220        0.470694291
37980 10580        0.312443842
37980 31700        0.212979857
37980 40380        0.254253065
37980 45060        0.294763269
37980 47900        0.410568914
37980 12580          0.7284923
37980 29540           1.055523
37980 14460        0.198899271
37980 49340        0.243480062
37980 38300         0.21969153
37980 10900         1.11328328
37980 25420        0.543298351
37980 35620        0.595482145
37980 39300        0.232861863
37980 35980        0.280152791
37980 14860        0.425161073
37980 35300        0.355150336
37980 47260        0.303701827
37980 40060        0.305379763
38300 10420         0.59660939
38300 17460        0.462267601
38300 19820        0.245630706
38300 11460        0.227313448
38300 18140        0.328683638
38300 17140        0.206656814
38300 40380        0.280882594
38300 45060        0.214566771
38300 47900        0.349446613
38300 12580        0.288153896
38300 29540        0.277376946
38300 37980         0.21969153
38300 10900        0.225174313
38300 25420        0.366013867
38300 20500        0.224465189
38300 24660        0.226580774
38300 47260        0.201628541
38300 40060         0.25950807
38300 30460        0.193547325
38900 42660        0.488278791
39300 10580        0.357552991
39300 31700        0.762414138
39300 45060        0.202477697
39300 29540        0.195483621
39300 37980        0.232861863
39300 14460         1.05567726
39300 49340         1.26684822
39300 10900        0.243644253
39300 35620        0.379023926
39300 35980          1.3538188
39300 14860        0.493691898
39300 35300        0.649794791
39340 22380        0.245840521
39340 36260        0.611559423
39340 14260        0.202857323
39340 41620         1.11795403
39380 10740        0.275805141
39380 19740        0.759425777
39380 14500        0.476920944
39380 22660         0.37491582
39380 17820         1.46062842
40060 47900        0.721060633
40060 12580        0.477535254
40060 29540        0.345996217
40060 37980        0.305379763
40060 38300         0.25950807
40060 10900         0.25339098
40060 25420        0.340759425
40060 35620        0.204066474
40060 16740         0.24805395
40060 20500        0.486399613
40060 24660        0.367014836
40060 47260        0.860200015
40060 16700        0.196492807
40140 22380        0.220010452
40140 46060        0.200570582
40140 42200        0.256339452
40140 37100        0.333046998
40140 31080        0.476716478
40380 10420        0.231553232
40380 17460        0.226130624
40380 10580        0.277915874
40380 45060        0.691538946
40380 47900        0.229854813
40380 12580        0.252251026
40380 29540          0.2978089
40380 37980        0.254253065
40380 38300        0.280882594
40380 10900        0.315358654
40380 25420        0.350432986
40380 35620        0.229962285
40380 14860        0.218572429
40380 35300        0.201595783
40420 47940        0.291105476
40420 37900        0.571254387
40420 31540         1.07644573
40420 19340        0.587113567
40420 19780        0.209208811
40420 16300        0.384560667
40420 16980        0.760974081
40420 28020         0.28474239
40420 33220        0.206772124
40420 11460        0.192163802
40420 36780        0.561125004
40420 33460        0.197631598
40420 14010        0.540248085
40420 26900        0.260638064
40420 18020        0.225547082
40420 41180        0.261311437
40420 20220        0.541842366
41180 47940        0.229740663
41180 37900         0.48120851
41180 31540        0.226730099
41180 40420        0.261311437
41180 19340        0.375355104
41180 19780        0.225258213
41180 16300        0.278361058
41180 16980        0.250797663
41180 14010        0.432717512
41180 26900        0.234423188
41180 18020        0.223348178
41180 28140         0.24394662
41180 32820        0.267233991
41180 34980         0.22048989
41180 20220        0.265157766
41620 22380        0.208551138
41620 39340         1.11795403
41620 36260         1.01872795
41620 14260        0.247739755
41700 26420        0.306365585
41700 19100        0.263848217
41940 42100         1.55624591
41940 42200        0.366659412
41940 37100        0.293822484
41940 31080        0.235392852
42100 41940         1.55624591
42100 42200        0.314922986
42100 37100        0.254712958
42100 31080        0.207933735
42340 16740        0.322734688
42340 20500        0.219148016
42340 24660        0.238717254
42340 36740        0.272208055
42340 37340        0.259807053
42340 16700        0.643226238
42340 45300        0.240608056
42340 27260        0.516832747
42660 38900        0.488278791
42200 42100        0.314922986
42200 41940        0.366659412
42200 40140        0.256339452
42200 37100         1.08383456
42200 31080        0.526713133
45060 10580        0.459884792
45060 31700        0.228821506
45060 40380        0.691538946
45060 47900        0.216338515
45060 12580        0.254831477
45060 29540        0.316141672
45060 37980        0.294763269
45060 14460        0.196041216
45060 49340        0.234560781
45060 38300        0.214566771
45060 10900        0.399394622
45060 25420        0.327725595
45060 35620        0.305414754
45060 39300        0.202477697
45060 35980        0.230806096
45060 14860        0.298465226
45060 35300         0.27192023
45300 42340        0.240608056
45300 36740        0.874528651
45300 37340        0.564501411
45300 27260        0.449688318
46060 22380        0.267283436
46060 40140        0.200570582
47260 47900        0.445795693
47260 12580        0.399992172
47260 29540        0.308492458
47260 37980        0.303701827
47260 38300        0.201628541
47260 10900        0.242839564
47260 25420        0.279454748
47260 35620        0.211518399
47260 16740        0.215474528
47260 20500        0.377300437
47260 24660         0.29167438
47260 40060        0.860200015
47260 16700        0.192362761
47900 10420        0.221143988
47900 17460        0.199064998
47900 40380        0.229854813
47900 45060        0.216338515
47900 12580        0.940060249
47900 29540        0.569713358
47900 37980        0.410568914
47900 38300        0.349446613
47900 10900        0.347120911
47900 25420        0.634603733
47900 35620        0.243215869
47900 14860        0.209333056
47900 35300         0.19056004
47900 16740        0.203584636
47900 20500        0.319973141
47900 24660        0.277317297
47900 47260        0.445795693
47900 40060        0.721060633
47940 37900        0.300785843
47940 31540        0.341312239
47940 40420        0.291105476
47940 19340        0.433590565
47940 19780        0.621546454
47940 16300         1.05227219
47940 36540        0.267266495
47940 16980         0.21295914
47940 36780        0.242599297
47940 33460        0.371728641
47940 14010        0.240315396
47940 28140        0.243633996
47940 41180        0.229740663
47940 20220        0.628905813
48620 19780         0.19022485
48620 36540        0.259184906
48620 28140        0.323900105
48620 19100        0.208461187
