0 97 tl_2019_us_cbsa CBSAFP
12060 26620        0.388028927
12060 42340        0.285122888
12060 24860        0.450475675
12060 16740        0.256759511
12060 49180         0.21264161
12060 24660        0.193612643
12060 34980        0.302460889
12060 30460        0.227382779
12060 16700        0.225185705
12060 27260        0.229759877
12420 26420        0.424298661
12420 41700        0.792141659
12420 19100        0.373717735
12540 41860        0.232668585
12540 42220         0.18998151
12540 41940        0.325064714
12540 29820        0.261961743
12540 42200         0.65378621
12540 40140        0.367935134
12540 37100        0.941650617
12540 31080        0.741833173
12540 41740        0.329724951
12540 40900        0.242822547
12580 10420        0.194539321
12580 10580        0.229790425
12580 15380        0.230155235
12580 40380        0.252251026
12580 45060        0.254831477
12580 47900        0.940060249
12580 29540         1.25490227
12580 37980          0.7284923
12580 45940        0.478035292
12580 38300        0.288153896
12580 10900         0.53317793
12580 35620        0.328102788
12580 35980        0.202342445
12580 14860        0.269236619
12580 35300          0.2390054
12580 25540        0.214927958
12580 49180        0.200698355
12580 20500        0.246195619
12580 24660        0.216890899
12580 39580        0.248161252
12580 40060        0.477535254
12580 41540        0.712628025
14010 37900         1.14329757
14010 33340        0.346340178
14010 31540        0.371152796
14010 19340        0.539113758
14010 19780          0.1986964
14010 16300        0.311398796
14010 16980         0.59600507
14010 35660        0.379635642
14010 29620         0.20356899
14010 28020        0.266545652
14010 24340        0.250656059
14010 11460        0.188339511
14010 36780        0.279039626
14010 26900        0.364454191
14010 18020        0.310806741
14010 17140        0.218237819
14010 34980        0.204295076
14010 41180        0.432717512
14010 30460        0.199016818
14260 39340        0.202857323
14260 36260        0.271376694
14260 41620        0.247739755
14460 10580        0.340999196
14460 31700          1.2502225
14460 45060        0.196041216
14460 37980        0.198899271
14460 49340         1.05004257
14460 45940        0.232282345
14460 10900        0.212290424
14460 35620        0.298653604
14460 39300         1.05567726
14460 35980        0.662097087
14460 14860        0.372916424
14460 35300        0.452060383
14460 25540         0.57312381
14500 10740        0.196330286
14500 19740         1.24168995
14500 22660         1.71466629
14500 17820        0.698079017
14860 10580        0.600793241
14860 31700        0.422703593
14860 40380        0.218572429
14860 45060        0.298465226
14860 47900        0.209333056
14860 12580        0.269236619
14860 29540        0.321534969
14860 37980        0.425161073
14860 14460        0.372916424
14860 49340        0.569777329
14860 45940        0.613505899
14860 10900         0.48104849
14860 35620         1.47004066
14860 39300        0.493691898
14860 35980        0.776636071
14860 35300         2.05191237
14860 25540         1.06546706
14860 41540        0.283945795
15380 10420        0.313187638
15380 17460        0.309824035
15380 22420        0.202784101
15380 19820         0.22511897
15380 11460        0.195166845
15380 18140        0.196425293
15380 10580        0.206618437
15380 40380        0.794763706
15380 45060        0.369910751
15380 47900        0.225687847
15380 12580        0.230155235
15380 29540        0.255140532
15380 37980        0.213836821
15380 45940        0.203357222
15380 38300        0.356510452
15380 10900        0.246758579
17140 26620        0.205331239
17140 33340        0.190212772
17140 10420        0.267244822
17140 17460        0.265741735
17140 16980        0.231661607
17140 35660        0.274819292
17140 29620        0.272441633
17140 28020        0.301616265
17140 33220        0.219917507
17140 24340        0.241383803
17140 22420        0.250198757
17140 19820          0.2608329
17140 11460        0.310813916
17140 14010        0.218237819
17140 18140        0.537874552
17140 26900        0.542815175
17140 18020        0.704050184
17140 38300        0.206656814
17140 24860        0.205106359
17140 49180        0.195196009
17140 34980        0.271451173
17140 30460        0.988840246
17460 10420         1.84440593
17460 35660        0.198398687
17460 29620        0.325696968
17460 28020         0.25479843
17460 33220        0.292893645
17460 24340        0.229360754
17460 22420        0.400735946
17460 19820          0.5235157
17460 11460          0.4394423
17460 18140         0.49875414
17460 26900        0.203870006
17460 18020        0.205665431
17460 17140        0.265741735
17460 15380        0.309824035
17460 40380        0.226130624
17460 47900        0.199064998
17460 38300        0.462267601
17460 30460        0.223909864
17820 10740        0.241618192
17820 19740          1.5704919
17820 14500        0.698079017
17820 22660        0.501772064
18020 26620        0.222158443
18020 37900        0.244904903
18020 33340        0.227017027
18020 10420        0.202198731
18020 17460        0.205665431
18020 19340         0.19737451
18020 16980        0.307275717
18020 35660          0.3449572
18020 29620        0.261050653
18020 28020        0.326638319
18020 33220        0.213200516
18020 24340        0.260951472
18020 22420        0.227272884
18020 19820        0.226065659
18020 11460        0.271918367
18020 14010        0.310806741
18020 18140        0.317028724
18020 26900          1.6046308
18020 17140        0.704050184
18020 34980        0.314874807
18020 41180        0.223348178
18020 30460         0.54319283
18140 10420        0.526628161
18140 17460         0.49875414
18140 35660        0.229879458
18140 29620        0.306991759
18140 28020        0.283455135
18140 33220        0.250472605
18140 24340        0.235395347
18140 22420        0.314951198
18140 19820        0.360656295
18140 11460        0.400781107
18140 26900        0.296157603
18140 18020        0.317028724
18140 17140        0.537874552
18140 15380        0.196425293
18140 38300        0.328683638
18140 24860        0.188682383
18140 16740        0.191730794
18140 49180        0.216429204
18140 24660        0.200745893
18140 30460        0.405768764
22420 33340        0.244299978
22420 10420        0.332147419
22420 17460        0.400735946
22420 16980        0.232930696
22420 35660        0.317415894
22420 29620         1.20717451
22420 28020        0.504350058
22420 33220         1.08141568
22420 24340        0.483436443
22420 19820         1.70436599
22420 11460         1.28244321
22420 36780        0.198107761
22420 18140        0.314951198
22420 26900        0.242763354
22420 18020        0.227272884
22420 17140        0.250198757
22420 15380        0.202784101
22420 38300        0.214714733
22420 30460        0.200625115
22660 19740        0.737058356
22660 14500         1.71466629
22660 17820        0.501772064
19100 48620        0.208461187
19100 46140        0.286149045
19100 26420        0.286071128
19100 41700        0.263848217
19100 12420        0.373717735
19340 37900        0.966682113
19340 33340        0.311524579
19340 31540        0.527278025
19340 19780        0.302960089
19340 16300        0.737077383
19340 16980        0.374419216
19340 35660        0.261257943
19340 28020        0.199714168
19340 24340         0.20125121
19340 36780        0.309247467
19340 33460        0.215012976
19340 14010        0.539113758
19340 26900        0.218915616
19340 18020         0.19737451
19340 28140         0.21379162
19340 41180        0.375355104
19740 10740        0.217825001
19740 14500         1.24168995
19740 22660        0.737058356
19740 17820          1.5704919
19780 37900        0.240459168
19780 31540         0.22559408
19780 19340        0.302960089
19780 16300        0.456193891
19780 36540        0.443371135
19780 33460        0.280812859
19780 14010          0.1986964
19780 28140        0.366921762
19780 48620         0.19022485
19780 41180        0.225258213
19820 33340         0.21670563
19820 10420        0.411599705
19820 17460          0.5235157
19820 16980        0.212362393
19820 35660        0.281420873
19820 29620        0.774214814
19820 28020        0.421490202
19820 33220        0.664606549
19820 24340        0.386217603
19820 22420         1.70436599
19820 11460         1.27519588
19820 18140        0.360656295
19820 26900         0.23692022
19820 18020        0.226065659
19820 17140          0.2608329
19820 15380         0.22511897
19820 38300        0.245630706
19820 30460        0.208955655
20500 42340        0.219148016
20500 47900        0.319973141
20500 12580        0.246195619
20500 29540        0.206741413
20500 38300        0.224465189
20500 24860        0.271437039
20500 16740        0.497923842
20500 49180        0.741388634
20500 24660         1.25723216
20500 39580         1.62028577
20500 40060        0.486399613
20500 41540        0.236609515
20500 16700        0.311477283
16300 37900        0.420106146
16300 33340        0.250878529
16300 31540         0.44127411
16300 19340        0.737077383
16300 19780        0.456193891
16300 36540        0.225189569
16300 16980        0.262394834
16300 35660        0.202149436
16300 36780        0.279177826
16300 33460         0.29143081
16300 14010        0.311398796
16300 28140        0.236603996
16300 41180        0.278361058
16700 12060        0.225185705
16700 42340        0.643226238
16700 24860        0.341794239
16700 16740        0.436547224
16700 49180        0.324839663
16700 20500        0.311477283
16700 24660        0.331421201
16700 39580        0.317608305
16700 40060        0.196492807
16700 36740        0.209310521
16700 37340        0.209797869
16700 27260        0.304379671
16740 12060        0.256759511
16740 42340        0.322734688
16740 18140        0.191730794
16740 47900        0.203584636
16740 24860        0.591999207
16740 49180        0.986955058
16740 20500        0.497923842
16740 24660        0.757583022
16740 39580        0.415361792
16740 40060         0.24805395
16740 30460        0.214321135
16740 16700        0.436547224
16740 27260        0.198907637
16980 37900        0.459912871
16980 33340        0.737489534
16980 31540        0.462118928
16980 19340        0.374419216
16980 16300        0.262394834
16980 35660        0.864381846
16980 29620        0.288595526
16980 28020        0.427971557
16980 33220        0.256801095
16980 24340        0.419296975
16980 22420        0.232930696
16980 19820        0.212362393
16980 11460        0.249142044
16980 36780        0.418854121
16980 14010         0.59600507
16980 26900        0.379285752
16980 18020        0.307275717
16980 17140        0.231661607
16980 41180        0.250797663
16980 30460        0.198099904
10420 17460         1.84440593
10420 29620        0.282456811
10420 28020        0.231316668
10420 33220        0.254217075
10420 24340        0.207843535
10420 22420        0.332147419
10420 19820        0.411599705
10420 11460        0.367205423
10420 18140        0.526628161
10420 26900        0.197834699
10420 18020        0.202198731
10420 17140        0.267244822
10420 15380        0.313187638
10420 40380        0.231553232
10420 47900        0.221143988
10420 12580        0.194539321
10420 29540        0.191556299
10420 38300         0.59660939
10420 49180        0.193406894
10420 30460        0.230260625
10580 31700        0.448531255
10580 15380        0.206618437
10580 40380        0.277915874
10580 45060        0.459884792
10580 12580        0.229790425
10580 29540        0.278885277
10580 37980        0.312443842
10580 14460        0.340999196
10580 49340        0.477898537
10580 45940        0.382007206
10580 10900        0.403775028
10580 35620        0.495994621
10580 39300        0.357552991
10580 35980        0.442120777
10580 14860        0.600793241
10580 35300        0.562661144
10580 25540        0.575366803
10580 41540        0.215183329
10740 19740        0.217825001
10740 14500        0.196330286
10740 17820        0.241618192
10900 10580        0.403775028
10900 31700        0.234925622
10900 15380        0.246758579
10900 40380        0.315358654
10900 45060        0.399394622
10900 47900        0.347120911
10900 12580         0.53317793
10900 29540        0.887364087
10900 37980         1.11328328
10900 14460        0.212290424
10900 49340        0.265930397
10900 45940         1.15556288
10900 38300        0.225174313
10900 35620        0.656149547
10900 39300        0.243644253
10900 35980        0.297070767
10900 14860         0.48104849
10900 35300        0.389752991
10900 25540        0.335611608
10900 40060         0.25339098
10900 41540        0.418712881
11460 33340        0.245982301
11460 10420        0.367205423
11460 17460          0.4394423
11460 16980        0.249142044
11460 35660        0.349862154
11460 29620         1.19476663
11460 28020        0.590865734
11460 33220        0.667560124
11460 24340        0.478766896
11460 22420         1.28244321
11460 19820         1.27519588
11460 36780        0.194649982
11460 14010        0.188339511
11460 18140        0.400781107
11460 26900        0.290087519
11460 18020        0.271918367
11460 17140        0.310813916
11460 15380        0.195166845
11460 38300        0.227313448
11460 30460        0.237816429
49340 10580        0.477898537
49340 31700         1.38119669
49340 45060        0.234560781
49340 29540        0.206640435
49340 37980        0.243480062
49340 14460         1.05004257
49340 45940        0.295421334
49340 10900        0.265930397
49340 35620        0.411231951
49340 39300         1.26684822
49340 35980         1.28708751
49340 14860        0.569777329
49340 35300        0.764825715
49340 25540         1.22072454
49340 41540        0.191748535
24340 37900         0.21933475
24340 33340        0.493360036
24340 31540         0.26196577
24340 10420        0.207843535
24340 17460        0.229360754
24340 19340         0.20125121
24340 16980        0.419296975
24340 35660        0.723405375
24340 29620        0.765652244
24340 28020          1.2084839
24340 33220        0.659818327
24340 22420        0.483436443
24340 19820        0.386217603
24340 11460        0.478766896
24340 36780        0.327905601
24340 14010        0.250656059
24340 18140        0.235395347
24340 26900        0.301492745
24340 18020        0.260951472
24340 17140        0.241383803
24340 30460        0.195140488
24660 12060        0.193612643
24660 42340        0.238717254
24660 18140        0.200745893
24660 47900        0.277317297
24660 12580        0.216890899
24660 38300        0.226580774
24660 24860        0.339543603
24660 16740        0.757583022
24660 49180         1.79683719
24660 20500         1.25723216
24660 39580        0.736603581
24660 40060        0.367014836
24660 41540        0.203022093
24660 30460        0.196852481
24660 16700        0.331421201
24860 26620        0.231379429
24860 12060        0.450475675
24860 42340        0.354603102
24860 18140        0.188682383
24860 17140        0.205106359
24860 16740        0.591999207
24860 49180        0.401185016
24860 20500        0.271437039
24860 24660        0.339543603
24860 34980        0.223824341
24860 39580        0.244152458
24860 30460        0.252587525
24860 16700        0.341794239
24860 27260        0.222262787
25540 10580        0.575366803
25540 31700        0.679325506
25540 40380        0.194095066
25540 45060        0.262804409
25540 12580        0.214927958
25540 29540         0.24758333
25540 37980        0.303964748
25540 14460         0.57312381
25540 49340         1.22072454
25540 45940        0.389504287
25540 10900        0.335611608
25540 35620        0.619992685
25540 39300        0.843698668
25540 35980         1.88824684
25540 14860         1.06546706
25540 35300         2.02675498
25540 41540        0.226853835
26420 41700        0.306365585
26420 12420        0.424298661
26420 19100        0.286071128
26620 12060        0.388028927
26620 26900        0.200308657
26620 18020        0.222158443
26620 17140        0.205331239
26620 24860        0.231379429
26620 32820        0.318043281
26620 34980        0.746743375
26620 30460        0.248178892
26900 26620        0.200308657
26900 37900        0.276373227
26900 33340        0.264295313
26900 31540        0.210478287
26900 10420        0.197834699
26900 17460        0.203870006
26900 19340        0.218915616
26900 16980        0.379285752
26900 35660        0.434997544
26900 29620        0.287880161
26900 28020        0.386458329
26900 33220        0.232427774
26900 24340        0.301492745
26900 22420        0.242763354
26900 19820         0.23692022
26900 11460        0.290087519
26900 36780        0.201532332
26900 14010        0.364454191
26900 18140        0.296157603
26900 18020          1.6046308
26900 17140        0.542815175
26900 34980        0.273631251
26900 41180        0.234423188
26900 30460        0.412070109
27260 12060        0.229759877
27260 42340        0.516832747
27260 24860        0.222262787
27260 16740        0.198907637
27260 36740        0.542757949
27260 37340        0.453834811
27260 33100        0.232465616
27260 16700        0.304379671
27260 45300        0.449688318
28020 37900        0.225294821
28020 33340        0.407980812
28020 31540        0.241199897
28020 10420        0.231316668
28020 17460         0.25479843
28020 19340        0.199714168
28020 16980        0.427971557
28020 35660        0.846788792
28020 29620        0.861504393
28020 33220        0.552954681
28020 24340          1.2084839
28020 22420        0.504350058
28020 19820        0.421490202
28020 11460        0.590865734
28020 36780        0.277151976
28020 14010        0.266545652
28020 18140        0.283455135
28020 26900        0.386458329
28020 18020        0.326638319
28020 17140        0.301616265
28020 30460        0.232687398
28140 37900        0.197287248
28140 19340         0.21379162
28140 19780        0.366921762
28140 16300        0.236603996
28140 36540        0.354584822
28140 48620        0.323900105
28140 46140        0.313368765
28140 41180         0.24394662
29540 10420        0.191556299
29540 10580        0.278885277
29540 15380        0.255140532
29540 40380          0.2978089
29540 45060        0.316141672
29540 47900        0.569713358
29540 12580         1.25490227
29540 37980           1.055523
29540 49340        0.206640435
29540 45940        0.639131267
29540 38300        0.277376946
29540 10900        0.887364087
29540 35620        0.403542913
29540 39300        0.195483621
29540 35980         0.22834721
29540 14860        0.321534969
29540 35300        0.278264299
29540 25540         0.24758333
29540 20500        0.206741413
29540 39580        0.207341364
29540 40060        0.345996217
29540 41540        0.551815042
29620 33340        0.300665006
29620 31540        0.195874579
29620 10420        0.282456811
29620 17460        0.325696968
29620 16980        0.288595526
29620 35660        0.430590149
29620 28020        0.861504393
29620 33220          1.1332949
29620 24340        0.765652244
29620 22420         1.20717451
29620 19820        0.774214814
29620 11460         1.19476663
29620 36780         0.23006321
29620 14010         0.20356899
29620 18140        0.306991759
29620 26900        0.287880161
29620 18020        0.261050653
29620 17140        0.272441633
29620 38300        0.191730918
29620 30460         0.21362739
29820 46060        0.191220038
29820 42200        0.189034967
29820 40140        0.499182263
29820 37100        0.221603105
29820 31080        0.263015457
29820 12540        0.261961743
29820 41740        0.274795499
29820 38060        0.236771424
29820 39340        0.221414835
29820 41620        0.212619328
30460 26620        0.248178892
30460 12060        0.227382779
30460 10420        0.230260625
30460 17460        0.223909864
30460 16980        0.198099904
30460 35660         0.22181574
30460 29620         0.21362739
30460 28020        0.232687398
30460 24340        0.195140488
30460 22420        0.200625115
30460 19820        0.208955655
30460 11460        0.237816429
30460 14010        0.199016818
30460 18140        0.405768764
30460 26900        0.412070109
30460 18020         0.54319283
30460 17140        0.988840246
30460 38300        0.193547325
30460 24860        0.252587525
30460 16740        0.214321135
30460 49180        0.219469364
30460 24660        0.196852481
30460 34980        0.337503326
31080 41940        0.235392852
31080 29820        0.263015457
31080 42200        0.526713133
31080 40140        0.476716478
31080 37100         1.02386567
31080 12540        0.741833173
31080 41740        0.562205719
31540 37900         0.42103981
31540 33340         0.55615623
31540 19340        0.527278025
31540 19780         0.22559408
31540 16300         0.44127411
31540 16980        0.462118928
31540 35660        0.322321956
31540 29620        0.195874579
31540 28020        0.241199897
31540 33220        0.191026486
31540 24340         0.26196577
31540 36780        0.730219244
31540 33460        0.237971625
31540 14010        0.371152796
31540 26900        0.210478287
31540 41180        0.226730099
31700 10580        0.448531255
31700 45060        0.228821506
31700 37980        0.212979857
31700 14460          1.2502225
31700 49340         1.38119669
31700 45940        0.251252468
31700 10900        0.234925622
31700 35620        0.328440778
31700 39300        0.762414138
31700 35980         0.66657729
31700 14860        0.422703593
31700 35300        0.509307106
31700 25540        0.679325506
32820 26620        0.318043281
32820 34980        0.293655804
32820 41180        0.267233991
33100 36740        0.404514829
33100 37340        0.458283887
33100 45300        0.354145529
33100 27260        0.232465616
33220 33340        0.290645281
33220 31540        0.191026486
33220 10420        0.254217075
33220 17460        0.292893645
33220 16980        0.256801095
33220 35660        0.353471559
33220 29620          1.1332949
33220 28020        0.552954681
33220 24340        0.659818327
33220 22420         1.08141568
33220 19820        0.664606549
33220 11460        0.667560124
33220 36780        0.233785825
33220 18140        0.250472605
33220 26900        0.232427774
33220 18020        0.213200516
33220 17140        0.219917507
33340 37900        0.320786047
33340 31540         0.55615623
33340 19340        0.311524579
33340 16300        0.250878529
33340 16980        0.737489534
33340 35660        0.615591701
33340 29620        0.300665006
33340 28020        0.407980812
33340 33220        0.290645281
33340 24340        0.493360036
33340 22420        0.244299978
33340 19820         0.21670563
33340 11460        0.245982301
33340 36780        0.814332182
33340 14010        0.346340178
33340 26900        0.264295313
33340 18020        0.227017027
33340 17140        0.190212772
33340 41180        0.195076613
33460 31540        0.237971625
33460 19340        0.215012976
33460 19780        0.280812859
33460 16300         0.29143081
33460 36540        0.213393197
33460 36780         0.21075758
34980 26620        0.746743375
34980 12060        0.302460889
34980 14010        0.204295076
34980 26900        0.273631251
34980 18020        0.314874807
34980 17140        0.271451173
34980 24860        0.223824341
34980 32820        0.293655804
34980 41180         0.22048989
34980 30460        0.337503326
35300 10580        0.562661144
35300 31700        0.509307106
35300 40380        0.201595783
35300 45060         0.27192023
35300 47900         0.19056004
35300 12580          0.2390054
35300 29540        0.278264299
35300 37980        0.355150336
35300 14460        0.452060383
35300 49340        0.764825715
35300 45940        0.477716312
35300 10900        0.389752991
35300 35620        0.879880898
35300 39300        0.649794791
35300 35980         1.24677912
35300 14860         2.05191237
35300 25540         2.02675498
35300 41540        0.255445193
35620 10580        0.495994621
35620 31700        0.328440778
35620 40380        0.229962285
35620 45060        0.305414754
35620 47900        0.243215869
35620 12580        0.328102788
35620 29540        0.403542913
35620 37980        0.595482145
35620 14460        0.298653604
35620 49340        0.411231951
35620 45940         1.04516563
35620 10900        0.656149547
35620 39300        0.379023926
35620 35980        0.525170631
35620 14860         1.47004066
35620 35300        0.879880898
35620 25540        0.619992685
35620 40060        0.204066474
35620 41540        0.349781276
35660 37900        0.305475043
35660 33340        0.615591701
35660 31540        0.322321956
35660 17460        0.198398687
35660 19340        0.261257943
35660 16300        0.202149436
35660 16980        0.864381846
35660 29620        0.430590149
35660 28020        0.846788792
35660 33220        0.353471559
35660 24340        0.723405375
35660 22420        0.317415894
35660 19820        0.281420873
35660 11460        0.349862154
35660 36780        0.350578379
35660 14010        0.379635642
35660 18140        0.229879458
35660 26900        0.434997544
35660 18020          0.3449572
35660 17140        0.274819292
35660 41180        0.203865572
35660 30460         0.22181574
35980 10580        0.442120777
35980 31700         0.66657729
35980 45060        0.230806096
35980 12580        0.202342445
35980 29540         0.22834721
35980 37980        0.280152791
35980 14460        0.662097087
35980 49340         1.28708751
35980 45940        0.350594964
35980 10900        0.297070767
35980 35620        0.525170631
35980 39300          1.3538188
35980 14860        0.776636071
35980 35300         1.24677912
35980 25540         1.88824684
35980 41540        0.219512444
36260 39340        0.611559423
36260 14260        0.271376694
36260 41620         1.01872795
36540 19780        0.443371135
36540 16300        0.225189569
36540 33460        0.213393197
36540 28140        0.354584822
36540 48620        0.259184906
36540 46140        0.198316662
36740 42340        0.272208055
36740 37340         1.48086087
36740 33100        0.404514829
36740 16700        0.209310521
36740 45300        0.874528651
36740 27260        0.542757949
36780 37900        0.283948835
36780 33340        0.814332182
36780 31540        0.730219244
36780 19340        0.309247467
36780 16300        0.279177826
36780 16980        0.418854121
36780 35660        0.350578379
36780 29620         0.23006321
36780 28020        0.277151976
36780 33220        0.233785825
36780 24340        0.327905601
36780 22420        0.198107761
36780 11460        0.194649982
36780 33460         0.21075758
36780 14010        0.279039626
36780 26900        0.201532332
37100 41860        0.215248247
37100 41940        0.293822484
37100 29820        0.221603105
37100 42200         1.08383456
37100 40140        0.333046998
37100 31080         1.02386567
37100 12540        0.941650617
37100 41740        0.369685129
37100 40900        0.208219102
37340 42340        0.259807053
37340 36740         1.48086087
37340 33100        0.458283887
37340 16700        0.209797869
37340 45300        0.564501411
37340 27260        0.453834811
37900 33340        0.320786047
37900 31540         0.42103981
37900 19340        0.966682113
37900 19780        0.240459168
37900 16300        0.420106146
37900 16980        0.459912871
37900 35660        0.305475043
37900 28020        0.225294821
37900 24340         0.21933475
37900 36780        0.283948835
37900 14010         1.14329757
37900 26900        0.276373227
37900 18020        0.244904903
37900 28140        0.197287248
37900 41180         0.48120851
37980 10580        0.312443842
37980 31700        0.212979857
37980 15380        0.213836821
37980 40380        0.254253065
37980 45060        0.294763269
37980 47900        0.410568914
37980 12580          0.7284923
37980 29540           1.055523
37980 14460        0.198899271
37980 49340        0.243480062
37980 45940         1.38371296
37980 38300         0.21969153
37980 10900         1.11328328
37980 35620        0.595482145
37980 39300        0.232861863
37980 35980        0.280152791
37980 14860        0.425161073
37980 35300        0.355150336
37980 25540        0.303964748
37980 39580          0.1922894
37980 40060        0.305379763
37980 41540         0.66543564
38060 46060        0.889635999
38060 29820        0.236771424
38060 40140        0.233496723
38060 41740        0.212666981
38300 10420         0.59660939
38300 17460        0.462267601
38300 29620        0.191730918
38300 22420        0.214714733
38300 19820        0.245630706
38300 11460        0.227313448
38300 18140        0.328683638
38300 17140        0.206656814
38300 15380        0.356510452
38300 40380        0.280882594
38300 45060        0.214566771
38300 47900        0.349446613
38300 12580        0.288153896
38300 29540        0.277376946
38300 37980         0.21969153
38300 45940        0.194870003
38300 10900        0.225174313
38300 49180        0.227647992
38300 20500        0.224465189
38300 24660        0.226580774
38300 39580        0.204991442
38300 40060         0.25950807
38300 41540        0.208040376
38300 30460        0.193547325
38900 42660        0.488278791
39300 10580        0.357552991
39300 31700        0.762414138
39300 45060        0.202477697
39300 29540        0.195483621
39300 37980        0.232861863
39300 14460         1.05567726
39300 49340         1.26684822
39300 45940        0.279251314
39300 10900        0.243644253
39300 35620        0.379023926
39300 35980          1.3538188
39300 14860        0.493691898
39300 35300        0.649794791
39300 25540        0.843698668
39300 41540        0.191660082
39340 29820        0.221414835
39340 36260        0.611559423
39340 14260        0.202857323
39340 41620         1.11795403
39580 42340         0.21706281
39580 47900        0.313111027
39580 12580        0.248161252
39580 29540        0.207341364
39580 37980          0.1922894
39580 38300        0.204991442
39580 24860        0.244152458
39580 16740        0.415361792
39580 49180         0.52306099
39580 20500         1.62028577
39580 24660        0.736603581
39580 40060        0.515075211
39580 41540        0.250799121
39580 16700        0.317608305
40060 47900        0.721060633
40060 12580        0.477535254
40060 29540        0.345996217
40060 37980        0.305379763
40060 45940        0.251782289
40060 38300         0.25950807
40060 10900         0.25339098
40060 35620        0.204066474
40060 16740         0.24805395
40060 49180         0.31322514
40060 20500        0.486399613
40060 24660        0.367014836
40060 39580        0.515075211
40060 41540        0.453780705
40060 16700        0.196492807
40140 46060        0.200570582
40140 29820        0.499182263
40140 42200        0.256339452
40140 37100        0.333046998
40140 31080        0.476716478
40140 12540        0.367935134
40140 41740        0.605089548
40140 38060        0.233496723
40380 10420        0.231553232
40380 17460        0.226130624
40380 10580        0.277915874
40380 15380        0.794763706
40380 45060        0.691538946
40380 47900        0.229854813
40380 12580        0.252251026
40380 29540          0.2978089
40380 37980        0.254253065
40380 45940        0.248712434
40380 38300        0.280882594
40380 10900        0.315358654
40380 35620        0.229962285
40380 14860        0.218572429
40380 35300        0.201595783
40380 25540        0.194095066
40380 41540        0.193476194
40900 41860         0.61521089
40900 42220        0.515001366
40900 41940        0.524046313
40900 42200         0.22983721
40900 37100        0.208219102
40900 12540        0.242822547
41180 37900         0.48120851
41180 33340        0.195076613
41180 31540        0.226730099
41180 19340        0.375355104
41180 19780        0.225258213
41180 16300        0.278361058
41180 16980        0.250797663
41180 35660        0.203865572
41180 14010        0.432717512
41180 26900        0.234423188
41180 18020        0.223348178
41180 28140         0.24394662
41180 32820        0.267233991
41180 34980         0.22048989
41540 10580        0.215183329
41540 40380        0.193476194
41540 45060        0.206778358
41540 47900        0.488329136
41540 12580        0.712628025
41540 29540        0.551815042
41540 37980         0.66543564
41540 49340        0.191748535
41540 45940        0.491454293
41540 38300        0.208040376
41540 10900        0.418712881
41540 35620        0.349781276
41540 39300        0.191660082
41540 35980        0.219512444
41540 14860        0.283945795
41540 35300        0.255445193
41540 25540        0.226853835
41540 20500        0.236609515
41540 24660        0.203022093
41540 39580        0.250799121
41540 40060        0.453780705
41620 29820        0.212619328
41620 39340         1.11795403
41620 36260         1.01872795
41620 14260        0.247739755
41700 26420        0.306365585
41700 12420        0.792141659
41700 19100        0.263848217
41740 46060        0.197372065
41740 29820        0.274795499
41740 42200        0.278293958
41740 40140        0.605089548
41740 37100        0.369685129
41740 31080        0.562205719
41740 12540        0.329724951
41740 38060        0.212666981
41860 42220         1.00771595
41860 41940        0.802937833
41860 42200        0.253978343
41860 37100        0.215248247
41860 12540        0.232668585
41860 40900         0.61521089
41940 41860        0.802937833
41940 42220        0.447343057
41940 42200        0.366659412
41940 37100        0.293822484
41940 31080        0.235392852
41940 12540        0.325064714
41940 40900        0.524046313
42220 41860         1.00771595
42220 41940        0.447343057
42220 42200        0.203035639
42220 12540         0.18998151
42220 40900        0.515001366
42340 12060        0.285122888
42340 24860        0.354603102
42340 16740        0.322734688
42340 49180        0.245323786
42340 20500        0.219148016
42340 24660        0.238717254
42340 39580         0.21706281
42340 36740        0.272208055
42340 37340        0.259807053
42340 16700        0.643226238
42340 45300        0.240608056
42340 27260        0.516832747
42660 38900        0.488278791
42200 41860        0.253978343
42200 42220        0.203035639
42200 41940        0.366659412
42200 29820        0.189034967
42200 40140        0.256339452
42200 37100         1.08383456
42200 31080        0.526713133
42200 12540         0.65378621
42200 41740        0.278293958
42200 40900         0.22983721
45060 10580        0.459884792
45060 31700        0.228821506
45060 15380        0.369910751
45060 40380        0.691538946
45060 47900        0.216338515
45060 12580        0.254831477
45060 29540        0.316141672
45060 37980        0.294763269
45060 14460        0.196041216
45060 49340        0.234560781
45060 45940        0.310039913
45060 38300        0.214566771
45060 10900        0.399394622
45060 35620        0.305414754
45060 39300        0.202477697
45060 35980        0.230806096
45060 14860        0.298465226
45060 35300         0.27192023
45060 25540        0.262804409
45060 41540        0.206778358
45300 42340        0.240608056
45300 36740        0.874528651
45300 37340        0.564501411
45300 33100        0.354145529
45300 27260        0.449688318
45940 10580        0.382007206
45940 31700        0.251252468
45940 15380        0.203357222
45940 40380        0.248712434
45940 45060        0.310039913
45940 47900        0.316894908
45940 12580        0.478035292
45940 29540        0.639131267
45940 37980         1.38371296
45940 14460        0.232282345
45940 49340        0.295421334
45940 38300        0.194870003
45940 10900         1.15556288
45940 35620         1.04516563
45940 39300        0.279251314
45940 35980        0.350594964
45940 14860        0.613505899
45940 35300        0.477716312
45940 25540        0.389504287
45940 40060        0.251782289
45940 41540        0.491454293
46060 29820        0.191220038
46060 40140        0.200570582
46060 41740        0.197372065
46060 38060        0.889635999
46140 36540        0.198316662
46140 28140        0.313368765
46140 48620        0.568704398
46140 19100        0.286149045
47900 10420        0.221143988
47900 17460        0.199064998
47900 15380        0.225687847
47900 40380        0.229854813
47900 45060        0.216338515
47900 12580        0.940060249
47900 29540        0.569713358
47900 37980        0.410568914
47900 45940        0.316894908
47900 38300        0.349446613
47900 10900        0.347120911
47900 35620        0.243215869
47900 14860        0.209333056
47900 35300         0.19056004
47900 16740        0.203584636
47900 49180        0.253294459
47900 20500        0.319973141
47900 24660        0.277317297
47900 39580        0.313111027
47900 40060        0.721060633
47900 41540        0.488329136
48620 19780         0.19022485
48620 36540        0.259184906
48620 28140        0.323900105
48620 46140        0.568704398
48620 19100        0.208461187
49180 12060         0.21264161
49180 42340        0.245323786
49180 10420        0.193406894
49180 18140        0.216429204
49180 17140        0.195196009
49180 47900        0.253294459
49180 12580        0.200698355
49180 38300        0.227647992
49180 24860        0.401185016
49180 16740        0.986955058
49180 20500        0.741388634
49180 24660         1.79683719
49180 39580         0.52306099
49180 40060         0.31322514
49180 30460        0.219469364
49180 16700        0.324839663
