0 98 tl_2019_us_cbsa CBSAFP
12060 12060                1.0
12420 12420                1.0
12420 41700        0.398783304
12540 40140        0.398205935
12540 42200         0.39870892
12540 31080        0.398761015
12540 37100        0.398829772
12540 12540                1.0
12580 47900        0.398829391
12580 29540        0.398878927
12580 12580                1.0
14010 14010                1.0
14010 37900        0.398865956
14260 14260                1.0
14460 35980         0.39871474
14460 39300        0.398852762
14460 49340        0.398851798
14460 14460                1.0
14460 31700        0.398878452
14500 17820        0.398737587
14500 14500                1.0
14500 19740        0.398877572
14500 22660        0.398908345
14860 35980        0.398776894
14860 35620        0.398896112
14860 35300        0.398918583
14860 14860                1.0
14860 25540        0.398854399
15380 40380        0.398784351
15380 15380                1.0
17140 30460        0.398840253
17140 17140                1.0
17460 10420        0.398912951
17460 17460                1.0
17820 22660        0.398546188
17820 14500        0.398737587
17820 17820                1.0
17820 19740        0.398901829
18020 26900        0.398903532
18020 18020                1.0
18140 18140                1.0
22420 29620        0.398873819
22420 33220        0.398856972
22420 19820        0.398907934
22420 22420                1.0
22420 11460        0.398881619
22660 17820        0.398546188
22660 19740         0.39875866
22660 14500        0.398908345
22660 22660                1.0
19100 19100                1.0
19340 37900        0.398835523
19340 19340                1.0
19740 22660         0.39875866
19740 17820        0.398901829
19740 19740                1.0
19740 14500        0.398877572
19780 19780                1.0
19820 29620        0.398775858
19820 19820                1.0
19820 22420        0.398907934
19820 11460        0.398880927
20500 20500                1.0
20500 24660        0.398879161
20500 39580        0.398904277
16300 16300                1.0
16700 42340        0.398701198
16700 16700                1.0
16740 49180        0.398839863
16740 16740                1.0
16980 33340        0.398758874
16980 16980                1.0
16980 35660        0.398808762
10420 10420                1.0
10420 17460        0.398912951
10580 10580                1.0
10740 10740                1.0
10900 29540        0.398815587
10900 45940        0.398867567
10900 10900                1.0
10900 37980        0.398861785
11260 11260                1.0
11460 22420        0.398881619
11460 29620        0.398872389
11460 19820        0.398880927
11460 11460                1.0
49340 35300        0.398771748
49340 25540         0.39887533
49340 14460        0.398851798
49340 39300        0.398880116
49340 35980        0.398882055
49340 49340                1.0
49340 31700        0.398889982
24340 29620        0.398772116
24340 28020        0.398873967
24340 24340                1.0
24660 20500        0.398879161
24660 49180        0.398911378
24660 24660                1.0
24860 24860                1.0
25540 49340         0.39887533
25540 14860        0.398854399
25540 39300        0.398802137
25540 35980        0.398914298
25540 35300        0.398917991
25540 25540                1.0
26420 26420                1.0
26620 26620                1.0
26900 18020        0.398903532
26900 26900                1.0
27260 27260                1.0
28020 24340        0.398873967
28020 28020                1.0
28140 28140                1.0
29540 37980        0.398852735
29540 12580        0.398878927
29540 29540                1.0
29620 33220        0.398864603
29620 29620                1.0
29620 22420        0.398873819
29620 11460        0.398872389
29820 41740        0.397623153
29820 40140         0.39854207
29820 29820                1.0
30460 17140        0.398840253
30460 30460                1.0
31080 40140        0.398503481
31080 12540        0.398761015
31080 31080                1.0
31080 37100        0.398847113
31080 42200        0.398582795
31080 41740        0.398626734
31540 31540                1.0
31700 25540        0.398726132
31700 39300        0.398770668
31700 14460        0.398878452
31700 49340        0.398889982
31700 31700                1.0
32820 32820                1.0
33100 33100                1.0
33220 11460        0.398718448
33220 22420        0.398856972
33220 33220                1.0
33220 29620        0.398864603
33340 36780        0.398791848
33340 33340                1.0
33460 33460                1.0
34980 34980                1.0
35300 49340        0.398771748
35300 35620        0.398813424
35300 35980        0.398878099
35300 35300                1.0
35300 14860        0.398918583
35300 25540        0.398917991
35620 10900        0.398710598
35620 45940        0.398850952
35620 35300        0.398813424
35620 35620                1.0
35620 14860        0.398896112
35660 28020        0.398803157
35660 16980        0.398808762
35660 35660                1.0
35980 35300        0.398878099
35980 14860        0.398776894
35980 35980                1.0
35980 49340        0.398882055
35980 39300        0.398887846
35980 25540        0.398914298
36260 36260                1.0
36260 41620        0.398846151
36260 39340        0.398675593
36540 36540                1.0
36740 45300        0.398811842
36740 37340        0.398896785
36740 36740                1.0
36780 33340        0.398791848
36780 36780                1.0
37100 41740        0.398212884
37100 12540        0.398829772
37100 31080        0.398847113
37100 37100                1.0
37100 42200        0.398857352
37340 37340                1.0
37340 36740        0.398896785
37900 14010        0.398865956
37900 19340        0.398835523
37900 37900                1.0
37980 10900        0.398861785
37980 29540        0.398852735
37980 37980                1.0
37980 45940        0.398890172
38060 38060                1.0
38060 46060        0.398816234
38300 38300                1.0
38900 38900                1.0
39300 35300        0.398706046
39300 25540        0.398802137
39300 35980        0.398887846
39300 49340        0.398880116
39300 39300                1.0
39300 14460        0.398852762
39300 31700        0.398770668
39340 36260        0.398675593
39340 41620        0.398862456
39340 39340                1.0
39580 20500        0.398904277
39580 39580                1.0
40060 40060                1.0
40060 47900        0.398750424
40140 12540        0.398205935
40140 29820         0.39854207
40140 37100        0.398043767
40140 31080        0.398503481
40140 41740        0.398669861
40140 40140                1.0
40380 15380        0.398784351
40380 45060        0.398733698
40380 40380                1.0
40900 40900                1.0
41180 41180                1.0
41540 29540        0.398614744
41540 37980        0.398717017
41540 12580        0.398745857
41540 41540                1.0
41620 39340        0.398862456
41620 36260        0.398846151
41620 41620                1.0
41700 12420        0.398783304
41700 41700                1.0
41740 37100        0.398212884
41740 12540        0.398025591
41740 29820        0.397623153
41740 40140        0.398669861
41740 31080        0.398626734
41740 41740                1.0
41740 42200        0.397656057
41860 40900        0.398678748
41860 41940         0.39878755
41860 41860                1.0
41860 42220        0.398844039
41940 41860         0.39878755
41940 41940                1.0
42220 41860        0.398844039
42220 42220                1.0
42340 42340                1.0
42660 42660                1.0
42200 41940        0.398200807
42200 31080        0.398582795
42200 12540         0.39870892
42200 37100        0.398857352
42200 42200                1.0
45060 40380        0.398733698
45060 45060                1.0
45300 36740        0.398811842
45300 45300                1.0
45940 37980        0.398890172
45940 35620        0.398850952
45940 10900        0.398867567
45940 45940                1.0
46060 46060                1.0
46060 38060        0.398816234
46140 46140                1.0
47900 40060        0.398750424
47900 47900                1.0
47900 12580        0.398829391
48620 48620                1.0
49180 16740        0.398839863
49180 49180                1.0
49180 24660        0.398911378
